   doc     token
0  0.0  0.133637
1  1.0  0.226154
2  2.0  0.000000
3  3.0  0.000000
4  4.0  0.101380
5  5.0  0.000000
6  6.0  0.339232
7  7.0  0.142258



   doc     index
0  0.0  0.000000
1  1.0  0.304743
2  2.0  0.000000
3  3.0  0.000000
4  4.0  0.000000
5  5.0  0.360151
6  6.0  0.000000
7  7.0  0.255591


   doc   classif
0  0.0  0.000000
1  1.0  0.304743
2  2.0  0.247604
3  3.0  0.141488
4  4.0  0.000000
5  5.0  0.000000
6  6.0  0.000000
7  7.0  0.000000



   doc     token   classif
0  0.0  0.133637  0.000000
1  1.0  0.226154  0.304743
2  2.0  0.000000  0.247604
3  3.0  0.000000  0.141488
4  4.0  0.101380  0.000000
5  5.0  0.000000  0.000000
6  6.0  0.339232  0.000000
7  7.0  0.142258  0.000000